0.2000 0.0000 0.9936 1.1932 0.0000 -0.0613 0.9328 0.0000
0.7732 0.0000 0.9239 1.6803 0.0000 -0.1692 0.7747 0.0000
1.7354 0.0000 0.7167 2.3295 0.0000 -0.2487 0.5870 0.0000
3.3101 0.0000 0.2857 3.0833 0.0000 -0.2886 0.3851 0.0000
5.7041 0.0000 -0.4113 3.7483 0.0000 -0.2870 0.1838 0.0000
8.6518 0.0000 -1.2095 4.0146 0.0000 -0.2504 0.0044 0.0000
13.0459 0.0000 -2.1135 3.5340 0.0000 -0.1512 -0.2204 0.0000
14.2951 0.0000 -2.2770 3.2187 0.0000 -0.1093 -0.2847 0.0000
16.9411 0.0000 -2.4104 2.2728 0.0000 0.0211 -0.4347 0.0000
19.1236 0.0000 -2.1632 1.1634 0.0000 0.2334 -0.5878 0.0000
20.3854 0.0000 -1.7204 0.3585 0.0000 0.5032 -0.6861 0.0000
20.9998 0.0000 -1.3396 -0.0719 0.0000 0.7608 -0.7057 0.0000
21.5745 0.0000 -0.7879 -0.4544 0.0000 1.2068 -0.5733 0.0000
21.8612 0.0000 -0.3957 -0.5824 0.0000 1.5343 -0.2690 0.0000
21.9895 0.0000 -0.1902 -0.6012 0.0000 1.6606 -0.0086 0.0000
22.1785 0.0000 0.1300 -0.5546 0.0000 1.6808 0.5212 0.0000
22.4053 0.0000 0.4765 -0.3665 0.0000 1.3168 1.0858 0.0000
22.7064 0.0000 0.7756 0.0044 0.0000 0.7012 1.2931 0.0000
23.0553 0.0000 0.9385 0.4426 0.0000 0.2802 1.1976 0.0000
23.5491 0.0000 0.9993 0.9855 0.0000 0.0046 1.0051 0.0000
24.0944 0.0000 0.9597 1.4852 0.0000 -0.1332 0.8358 0.0000
24.8476 0.0000 0.8217 2.0470 0.0000 -0.2213 0.6656 0.0000
26.1570 0.0000 0.4870 2.7783 0.0000 -0.2783 0.4657 0.0000
28.2051 0.0000 -0.1059 3.5098 0.0000 -0.2928 0.2629 0.0000
31.0169 0.0000 -0.9020 3.9652 0.0000 -0.2684 0.0712 0.0000
35.1994 0.0000 -1.8755 3.7860 0.0000 -0.1894 -0.1509 0.0000
40.2878 0.0000 -2.4120 2.3486 0.0000 0.0092 -0.4235 0.0000
41.7152 0.0000 -2.3247 1.6785 0.0000 0.1214 -0.5178 0.0000
43.5745 0.0000 -1.8728 0.5847 0.0000 0.4089 -0.6616 0.0000
44.1842 0.0000 -1.5697 0.1682 0.0000 0.6004 -0.7013 0.0000
44.8034 0.0000 -1.1036 -0.2660 0.0000 0.9413 -0.6791 0.0000
45.3518 0.0000 -0.4478 -0.5722 0.0000 1.4945 -0.3230 0.0000
45.4995 0.0000 -0.2151 -0.6008 0.0000 1.6485 -0.0437 0.0000
45.6649 0.0000 0.0646 -0.5725 0.0000 1.7007 0.4055 0.0000
45.9265 0.0000 0.4713 -0.3705 0.0000 1.3247 1.0799 0.0000
46.2228 0.0000 0.7693 -0.0064 0.0000 0.7147 1.2937 0.0000
46.5703 0.0000 0.9350 0.4310 0.0000 0.2876 1.2019 0.0000
47.0619 0.0000 0.9980 0.9737 0.0000 0.0079 1.0095 0.0000
47.6064 0.0000 0.9595 1.4747 0.0000 -0.1320 0.8390 0.0000
48.3491 0.0000 0.8242 2.0314 0.0000 -0.2205 0.6696 0.0000
49.6452 0.0000 0.4934 2.7602 0.0000 -0.2783 0.4695 0.0000
51.6736 0.0000 -0.0946 3.4919 0.0000 -0.2935 0.2664 0.0000
54.4730 0.0000 -0.8898 3.9537 0.0000 -0.2695 0.0739 0.0000
58.6295 0.0000 -1.8632 3.7867 0.0000 -0.1911 -0.1481 0.0000
63.6053 0.0000 -2.4108 2.4091 0.0000 -0.0006 -0.4141 0.0000
65.0714 0.0000 -2.3364 1.7336 0.0000 0.1104 -0.5098 0.0000
66.9956 0.0000 -1.8904 0.6133 0.0000 0.3978 -0.6579 0.0000
67.5961 0.0000 -1.6012 0.2052 0.0000 0.5793 -0.6986 0.0000
68.1455 0.0000 -1.2143 -0.1813 0.0000 0.8542 -0.6957 0.0000
68.6836 0.0000 -0.6371 -0.5177 0.0000 1.3373 -0.4826 0.0000
68.8692 0.0000 -0.3688 -0.5870 0.0000 1.5534 -0.2385 0.0000
69.0079 0.0000 -0.1438 -0.6006 0.0000 1.6792 0.0608 0.0000
69.2647 0.0000 0.2859 -0.4913 0.0000 1.5709 0.7970 0.0000
69.5108 0.0000 0.6127 -0.2324 0.0000 1.0609 1.2292 0.0000
69.8259 0.0000 0.8526 0.1709 0.0000 0.5096 1.2747 0.0000
70.1892 0.0000 0.9694 0.6110 0.0000 0.1727 1.1401 0.0000
70.7075 0.0000 0.9930 1.1502 0.0000 -0.0511 0.9476 0.0000
71.2060 0.0000 0.9390 1.5852 0.0000 -0.1546 0.8037 0.0000
72.0988 0.0000 0.7567 2.2142 0.0000 -0.2405 0.6174 0.0000
73.5569 0.0000 0.3646 2.9571 0.0000 -0.2867 0.4163 0.0000
75.8086 0.0000 -0.2939 3.6506 0.0000 -0.2910 0.2135 0.0000
78.2046 0.0000 -0.9650 3.9676 0.0000 -0.2659 0.0574 0.0000
82.5662 0.0000 -1.9538 3.7035 0.0000 -0.1787 -0.1729 0.0000
88.1891 0.0000 -2.3672 1.8912 0.0000 0.0819 -0.4877 0.0000
89.6107 0.0000 -2.1479 1.1255 0.0000 0.2420 -0.5922 0.0000
90.9153 0.0000 -1.6661 0.2855 0.0000 0.5374 -0.6921 0.0000
91.4960 0.0000 -1.2845 -0.1223 0.0000 0.8011 -0.7019 0.0000
92.0721 0.0000 -0.6986 -0.4941 0.0000 1.2840 -0.5226 0.0000
92.2910 0.0000 -0.3897 -0.5836 0.0000 1.5383 -0.2615 0.0000
92.4712 0.0000 -0.0966 -0.5978 0.0000 1.6939 0.1344 0.0000
92.7418 0.0000 0.3500 -0.4557 0.0000 1.4996 0.9037 0.0000
93.0070 0.0000 0.6732 -0.1559 0.0000 0.9317 1.2690 0.0000
93.3285 0.0000 0.8836 0.2565 0.0000 0.4270 1.2551 0.0000
93.7930 0.0000 0.9893 0.7979 0.0000 0.0778 1.0731 0.0000
94.3279 0.0000 0.9778 1.3206 0.0000 -0.0982 0.8896 0.0000
94.8629 0.0000 0.8996 1.7576 0.0000 -0.1847 0.7502 0.0000
95.9321 0.0000 0.6545 2.4468 0.0000 -0.2606 0.5528 0.0000
97.6194 0.0000 0.1794 3.1964 0.0000 -0.2930 0.3503 0.0000
100.0000 0.0000 -0.5160 3.7892 0.0000 -0.2855 0.1593 0.0000
